0021700506
0021700508
0021700511
0021700509
0021700512
0021700510
0021700514
0021700513
0021700515
0021700517
0021700518
0021700516
0021700519
0021700520
0021700521
0021700522
0021700526
0021700525
0021700524
0021700523
0021700529
0021700528
0021700527
0021700531
0021700532
0021700530
0021700533
0021700534
0021700535
0021700536
0021700539
0021700537
0021700538
0021700540
0021700542
0021700541
0021700543
0021700544
0021700545
0021700546
0021700547
0021700548
0021700550
0021700551
0021700552
0021700553
0021700549
0021700559
0021700555
0021700557
0021700556
0021700554
0021700558
0021700560
0021700561
0021700563
0021700564
0021700562
0021700565
0021700566
0021700567
0021700569
0021700570
0021700571
0021700568
0021700574
0021700573
0021700572
0021700575
0021700576
0021700577
0021700578
0021700579
0021700581
0021700582
0021700580
0021700583
0021700584
0021700585
0021700586
0021700587
0021700588
0021700589
0021700590
0021700591
0021700592
0021700595
0021700593
0021700594
0021700596
0021700597
0021700598
0021700599
0021700600
0021700601
0021700602
0021700603
0021700605
0021700606
0021700604
0021700607
0021700608
0021700610
0021700609
0021700611
0021700612
0021700613
0021700614
0021700615
0021700616
0021700617
0021700622
0021700618
0021700619
0021700620
0021700621
0021700623
0021700624
0021700625
0021700626
0021700631
0021700627
0021700628
0021700629
0021700630
0021700632
0021700633
